[
    [((-665280) % 1,1),(2217600 % 1,3),((-1774080) % 1,5),(506880 % 1,7),((-56320) % 1,9),(2048 % 1,11)],
    [((-30240) % 1,0),(302400 % 1,2),((-403200) % 1,4),(161280 % 1,6),((-23040) % 1,8),(1024 % 1,10)],
    [(30240 % 1,1),((-80640) % 1,3),(48384 % 1,5),((-9216) % 1,7),(512 % 1,9)],
    [(1680 % 1,0),((-13440) % 1,2),(13440 % 1,4),((-3584) % 1,6),(256 % 1,8)],
    [((-1680) % 1,1),(3360 % 1,3),((-1344) % 1,5),(128 % 1,7)],
    [((-120) % 1,0),(720 % 1,2),((-480) % 1,4),(64 % 1,6)],
    [(120 % 1,1),((-160) % 1,3),(32 % 1,5)],
    [(12 % 1,0),((-48) % 1,2),(16 % 1,4)],
    [((-12) % 1,1),(8 % 1,3)],
    [((-2) % 1,0),(4 % 1,2)],
    [(2 % 1,1)],
    [(1 % 1,0)]
]